c Erdos-Renyi graph with 100 nodes and p = 0.25
h 100 1233
0 1
0 2
0 6
0 15
0 19
0 21
0 25
0 33
0 34
0 35
0 44
0 45
0 51
0 62
0 66
0 68
0 84
0 91
0 94
0 95
0 98
1 2
1 5
1 6
1 7
1 15
1 19
1 20
1 27
1 37
1 39
1 41
1 47
1 48
1 52
1 58
1 62
1 67
1 68
1 70
1 71
1 73
1 85
1 93
1 95
2 3
2 5
2 10
2 15
2 19
2 20
2 21
2 22
2 36
2 38
2 39
2 50
2 54
2 59
2 64
2 67
2 71
2 72
2 75
2 81
2 88
2 92
2 93
2 99
3 4
3 9
3 21
3 27
3 29
3 33
3 36
3 45
3 46
3 48
3 51
3 54
3 60
3 61
3 68
3 70
3 71
3 74
3 80
3 85
3 86
3 88
3 91
4 6
4 7
4 10
4 12
4 15
4 16
4 19
4 24
4 26
4 45
4 59
4 69
4 72
4 77
4 88
4 93
4 95
5 6
5 8
5 9
5 28
5 32
5 35
5 37
5 55
5 60
5 61
5 68
5 78
5 84
5 85
5 88
5 89
5 91
5 93
5 95
5 96
5 98
6 8
6 18
6 24
6 29
6 32
6 33
6 46
6 49
6 51
6 54
6 55
6 59
6 61
6 62
6 65
6 67
6 73
6 75
6 80
6 85
6 98
7 15
7 22
7 24
7 27
7 31
7 32
7 35
7 48
7 49
7 60
7 70
7 78
7 79
7 81
7 87
7 90
7 91
7 98
8 10
8 16
8 17
8 18
8 20
8 21
8 26
8 27
8 29
8 33
8 37
8 38
8 41
8 42
8 49
8 51
8 52
8 54
8 55
8 62
8 63
8 86
8 91
8 95
9 13
9 14
9 23
9 29
9 51
9 56
9 71
9 75
9 76
9 80
9 82
9 88
9 89
9 91
9 94
9 96
9 97
10 11
10 19
10 21
10 29
10 34
10 44
10 45
10 46
10 48
10 50
10 57
10 59
10 69
10 71
10 72
10 73
10 75
10 83
10 86
10 90
10 91
10 92
10 94
10 98
11 15
11 16
11 17
11 20
11 23
11 24
11 27
11 30
11 33
11 38
11 40
11 47
11 52
11 54
11 55
11 57
11 61
11 68
11 73
11 75
11 80
11 83
11 85
11 88
11 96
12 21
12 23
12 26
12 27
12 29
12 30
12 39
12 45
12 51
12 53
12 56
12 60
12 68
12 69
12 73
12 76
12 83
12 85
12 94
12 98
13 21
13 30
13 31
13 36
13 40
13 46
13 47
13 51
13 55
13 58
13 61
13 67
13 74
13 78
13 82
13 84
13 87
13 89
13 92
13 99
14 20
14 22
14 26
14 27
14 34
14 39
14 40
14 49
14 60
14 62
14 64
14 65
14 67
14 68
14 69
14 70
14 71
14 72
14 75
14 77
14 78
14 80
14 81
14 84
14 89
14 90
14 95
14 96
15 17
15 30
15 39
15 43
15 44
15 49
15 57
15 58
15 63
15 66
15 68
15 69
15 71
15 81
15 82
15 84
15 86
15 87
15 96
15 97
15 98
16 23
16 27
16 29
16 30
16 31
16 34
16 35
16 39
16 40
16 51
16 55
16 57
16 62
16 63
16 68
16 71
16 73
16 74
16 75
16 77
16 81
16 89
16 90
16 93
16 97
17 19
17 21
17 25
17 29
17 30
17 32
17 37
17 38
17 40
17 42
17 45
17 51
17 52
17 71
17 75
17 81
17 82
17 83
17 84
17 85
17 91
17 97
17 99
18 23
18 37
18 38
18 43
18 46
18 48
18 52
18 57
18 61
18 67
18 71
18 74
18 75
18 79
18 83
18 91
18 92
18 93
18 94
18 95
18 96
19 22
19 24
19 26
19 27
19 33
19 36
19 38
19 39
19 42
19 46
19 60
19 64
19 69
19 71
19 72
19 79
19 84
19 86
19 89
19 91
19 92
19 95
19 97
19 99
20 24
20 30
20 37
20 42
20 43
20 46
20 49
20 56
20 60
20 62
20 63
20 65
20 69
20 78
20 91
20 94
20 97
20 99
21 22
21 24
21 40
21 51
21 57
21 58
21 60
21 66
21 68
21 73
21 80
21 81
21 87
21 88
21 93
21 94
21 99
22 27
22 29
22 32
22 39
22 41
22 42
22 44
22 51
22 54
22 55
22 62
22 65
22 76
22 77
22 79
22 81
22 84
22 86
22 91
22 93
23 33
23 34
23 41
23 48
23 49
23 51
23 53
23 61
23 65
23 70
23 75
23 82
23 86
23 89
23 91
23 94
23 96
24 28
24 30
24 32
24 33
24 34
24 36
24 40
24 41
24 45
24 47
24 48
24 54
24 55
24 56
24 57
24 58
24 66
24 67
24 72
24 76
24 78
24 82
24 99
25 26
25 27
25 28
25 29
25 34
25 40
25 41
25 45
25 51
25 56
25 59
25 68
25 89
25 91
25 93
25 95
26 27
26 28
26 31
26 36
26 37
26 41
26 45
26 54
26 56
26 58
26 61
26 62
26 74
26 77
26 82
26 93
26 95
26 97
27 30
27 34
27 38
27 40
27 41
27 42
27 45
27 48
27 53
27 54
27 56
27 57
27 60
27 66
27 70
27 73
27 79
27 82
27 85
27 87
27 88
27 91
27 95
27 97
28 29
28 32
28 43
28 47
28 48
28 53
28 55
28 57
28 58
28 59
28 66
28 72
28 75
28 77
28 79
28 90
28 94
28 96
29 46
29 47
29 71
29 74
29 80
29 84
29 91
29 97
30 36
30 37
30 43
30 46
30 47
30 49
30 67
30 68
30 69
30 75
30 87
30 89
30 90
30 94
31 36
31 39
31 42
31 43
31 45
31 47
31 61
31 62
31 65
31 66
31 73
31 74
31 78
31 85
31 87
31 92
32 35
32 39
32 40
32 42
32 44
32 52
32 54
32 57
32 58
32 66
32 67
32 76
32 78
32 81
32 85
32 86
32 87
32 90
32 92
33 37
33 39
33 40
33 47
33 49
33 62
33 63
33 66
33 69
33 84
33 89
33 90
33 91
33 99
34 35
34 36
34 37
34 38
34 39
34 41
34 48
34 49
34 52
34 58
34 59
34 63
34 71
34 74
34 77
34 78
34 79
34 88
34 91
34 93
34 99
35 42
35 43
35 44
35 48
35 52
35 53
35 59
35 61
35 64
35 65
35 69
35 74
35 79
35 82
35 89
35 90
35 92
35 94
35 96
36 41
36 43
36 50
36 51
36 56
36 64
36 68
36 69
36 73
36 77
36 79
36 85
36 86
36 87
36 88
36 97
37 51
37 56
37 61
37 64
37 67
37 69
37 70
37 73
37 75
37 76
37 83
37 91
38 40
38 50
38 51
38 52
38 55
38 56
38 58
38 59
38 64
38 66
38 67
38 74
38 79
38 80
38 82
38 83
38 85
38 86
38 87
38 88
38 90
38 91
38 93
38 95
38 99
39 42
39 48
39 49
39 50
39 52
39 54
39 55
39 56
39 64
39 65
39 69
39 70
39 75
39 78
39 79
39 83
39 91
39 92
40 46
40 49
40 54
40 56
40 67
40 72
40 73
40 75
40 76
40 79
40 83
40 93
40 95
41 47
41 48
41 55
41 62
41 66
41 72
41 74
41 76
41 77
41 89
41 91
41 94
42 43
42 45
42 47
42 49
42 60
42 64
42 65
42 67
42 68
42 70
42 72
42 75
42 82
42 85
42 89
42 91
42 92
42 93
43 47
43 60
43 63
43 64
43 66
43 68
43 72
43 78
43 81
43 85
43 94
43 98
44 45
44 48
44 52
44 55
44 57
44 58
44 63
44 65
44 69
44 73
44 75
44 77
44 81
44 85
44 86
44 90
44 93
45 48
45 50
45 54
45 60
45 69
45 72
45 86
45 87
45 89
45 97
46 48
46 49
46 56
46 57
46 58
46 60
46 70
46 73
46 74
46 75
46 78
46 79
46 86
46 94
46 99
47 49
47 52
47 55
47 56
47 60
47 65
47 68
47 72
47 76
47 87
47 90
47 91
47 94
47 96
47 97
48 60
48 61
48 62
48 66
48 69
48 71
48 72
48 73
48 74
48 76
48 77
48 78
48 85
48 89
48 97
49 52
49 57
49 59
49 70
49 71
49 74
49 76
49 77
49 79
49 89
49 92
50 52
50 58
50 61
50 62
50 64
50 67
50 78
50 80
50 83
50 85
50 89
50 94
50 97
51 53
51 57
51 59
51 65
51 66
51 69
51 74
51 75
51 80
51 81
51 87
51 88
51 89
51 96
52 58
52 60
52 64
52 70
52 74
52 76
52 81
52 86
52 91
52 92
52 95
52 96
53 58
53 60
53 63
53 67
53 70
53 71
53 73
53 80
53 81
53 84
53 86
53 93
53 99
54 55
54 56
54 57
54 59
54 60
54 64
54 66
54 69
54 76
54 81
54 86
54 89
54 91
54 93
54 95
54 99
55 64
55 65
55 80
55 90
55 91
55 97
55 99
56 64
56 67
56 73
56 74
56 77
56 82
56 93
56 95
56 96
57 65
57 68
57 78
57 82
57 92
58 65
58 68
58 69
58 76
58 77
58 82
58 88
58 92
58 95
58 97
59 61
59 62
59 66
59 67
59 72
59 83
59 84
59 86
59 87
59 88
59 89
59 92
59 97
60 61
60 62
60 74
60 75
60 80
60 83
60 93
60 97
60 98
61 62
61 64
61 65
61 76
61 84
61 87
61 96
62 64
62 68
62 69
62 81
62 96
62 99
63 65
63 74
63 75
63 76
63 81
63 89
63 91
63 92
63 93
63 96
64 72
64 75
64 85
64 89
65 67
65 70
65 81
65 86
65 87
65 89
65 94
66 69
66 70
66 76
66 79
66 80
66 81
66 88
66 89
66 90
66 94
66 96
67 68
67 81
67 86
68 72
68 73
68 75
68 82
68 88
68 96
68 97
69 70
69 77
69 90
69 91
69 97
69 99
70 72
70 73
70 79
70 80
70 82
70 92
70 97
71 78
71 79
71 82
71 84
71 85
71 89
71 90
71 91
71 93
71 97
72 73
72 78
72 81
72 82
72 85
72 86
72 87
72 93
72 95
72 96
72 97
73 87
73 93
74 78
74 79
74 87
74 88
74 96
75 77
75 79
75 81
75 84
75 85
75 88
75 95
75 98
76 77
76 78
76 82
76 85
76 93
76 95
76 97
77 80
77 89
77 92
77 93
77 95
77 98
78 79
78 80
78 81
78 87
78 89
78 93
78 95
78 96
79 80
79 81
79 86
79 88
79 90
79 92
79 96
80 84
80 89
80 95
81 83
81 87
81 93
81 95
81 97
81 98
82 88
82 89
82 98
82 99
83 94
83 95
83 97
84 96
84 97
84 99
85 92
85 93
85 95
85 97
85 99
86 89
86 99
87 90
87 96
88 89
88 92
89 97
90 98
91 92
91 94
91 96
91 97
92 94
92 96
92 98
92 99
93 98
93 99
94 96
94 98
95 98
95 99
96 99
97 99
