c Erdos-Renyi graph with 100 nodes and p = 0.5
h 100 2441
0 1
0 2
0 5
0 6
0 8
0 9
0 10
0 11
0 14
0 17
0 18
0 21
0 22
0 24
0 25
0 30
0 31
0 33
0 35
0 40
0 42
0 44
0 46
0 48
0 50
0 52
0 54
0 55
0 56
0 57
0 58
0 64
0 69
0 70
0 72
0 73
0 75
0 82
0 83
0 89
0 94
0 95
0 96
0 97
0 99
1 4
1 5
1 6
1 10
1 11
1 14
1 15
1 17
1 18
1 21
1 23
1 24
1 26
1 27
1 28
1 29
1 30
1 31
1 32
1 33
1 36
1 37
1 38
1 40
1 41
1 42
1 43
1 44
1 45
1 46
1 47
1 50
1 51
1 53
1 54
1 56
1 57
1 58
1 59
1 60
1 62
1 63
1 64
1 68
1 71
1 72
1 74
1 78
1 79
1 80
1 82
1 83
1 93
1 95
1 96
1 99
2 3
2 6
2 7
2 8
2 9
2 10
2 11
2 13
2 15
2 16
2 21
2 22
2 23
2 29
2 30
2 32
2 33
2 35
2 38
2 39
2 41
2 42
2 43
2 44
2 45
2 48
2 55
2 56
2 57
2 59
2 61
2 63
2 71
2 72
2 74
2 75
2 80
2 81
2 83
2 84
2 87
2 91
2 96
3 5
3 6
3 7
3 9
3 10
3 13
3 16
3 17
3 18
3 24
3 25
3 27
3 28
3 31
3 33
3 34
3 37
3 39
3 42
3 46
3 47
3 49
3 51
3 52
3 53
3 54
3 55
3 57
3 59
3 64
3 65
3 66
3 70
3 73
3 75
3 76
3 79
3 80
3 81
3 87
3 89
3 90
3 92
3 94
3 95
3 98
3 99
4 7
4 9
4 12
4 13
4 14
4 15
4 16
4 22
4 23
4 24
4 26
4 27
4 29
4 34
4 35
4 36
4 39
4 42
4 47
4 49
4 50
4 53
4 55
4 59
4 62
4 63
4 64
4 65
4 67
4 68
4 69
4 71
4 74
4 79
4 81
4 82
4 84
4 92
4 93
4 94
4 95
4 96
4 97
4 99
5 7
5 10
5 13
5 15
5 17
5 18
5 21
5 23
5 29
5 32
5 36
5 37
5 39
5 40
5 41
5 43
5 44
5 45
5 48
5 49
5 51
5 52
5 53
5 58
5 60
5 61
5 62
5 63
5 66
5 67
5 74
5 78
5 81
5 82
5 83
5 85
5 86
5 87
5 91
5 93
5 95
5 96
5 99
6 7
6 9
6 12
6 13
6 14
6 16
6 17
6 19
6 21
6 24
6 28
6 33
6 35
6 36
6 37
6 38
6 39
6 41
6 44
6 46
6 47
6 49
6 50
6 51
6 52
6 54
6 56
6 58
6 62
6 65
6 66
6 67
6 68
6 69
6 70
6 71
6 73
6 74
6 80
6 82
6 89
6 92
6 95
7 11
7 12
7 17
7 19
7 21
7 25
7 26
7 27
7 30
7 32
7 34
7 35
7 38
7 40
7 41
7 42
7 43
7 46
7 47
7 48
7 52
7 55
7 58
7 60
7 61
7 63
7 64
7 66
7 68
7 69
7 71
7 75
7 80
7 81
7 83
7 89
7 92
7 93
7 95
7 98
7 99
8 10
8 11
8 13
8 14
8 15
8 18
8 20
8 22
8 26
8 28
8 29
8 30
8 32
8 38
8 40
8 41
8 45
8 48
8 49
8 50
8 51
8 54
8 57
8 58
8 59
8 60
8 61
8 62
8 66
8 70
8 73
8 75
8 77
8 80
8 81
8 83
8 84
8 90
8 91
8 95
8 96
8 98
9 10
9 11
9 14
9 15
9 17
9 18
9 19
9 22
9 24
9 26
9 32
9 35
9 36
9 37
9 38
9 42
9 44
9 45
9 46
9 47
9 48
9 49
9 50
9 53
9 56
9 58
9 60
9 64
9 65
9 67
9 70
9 71
9 72
9 73
9 75
9 77
9 79
9 80
9 82
9 83
9 85
9 86
9 87
9 88
9 89
9 91
9 93
9 95
9 98
10 12
10 14
10 16
10 18
10 19
10 21
10 22
10 23
10 27
10 28
10 32
10 33
10 34
10 37
10 39
10 42
10 43
10 45
10 47
10 48
10 49
10 51
10 52
10 53
10 56
10 57
10 58
10 59
10 60
10 62
10 63
10 64
10 66
10 69
10 70
10 71
10 76
10 78
10 80
10 84
10 85
10 87
10 88
10 91
10 92
10 93
10 95
10 99
11 13
11 15
11 16
11 18
11 19
11 21
11 24
11 26
11 29
11 31
11 32
11 33
11 35
11 38
11 40
11 41
11 43
11 45
11 46
11 50
11 52
11 54
11 55
11 59
11 62
11 67
11 70
11 71
11 72
11 79
11 82
11 84
11 86
11 87
11 91
11 92
11 93
11 94
11 98
11 99
12 15
12 16
12 19
12 21
12 23
12 24
12 29
12 30
12 31
12 33
12 34
12 36
12 37
12 42
12 43
12 44
12 45
12 46
12 47
12 48
12 49
12 50
12 51
12 52
12 53
12 54
12 60
12 61
12 62
12 64
12 67
12 68
12 69
12 70
12 73
12 78
12 82
12 83
12 90
12 92
12 95
12 97
12 99
13 14
13 16
13 17
13 19
13 21
13 22
13 26
13 27
13 28
13 30
13 31
13 32
13 33
13 35
13 38
13 40
13 42
13 44
13 48
13 49
13 51
13 53
13 54
13 57
13 58
13 59
13 66
13 68
13 73
13 76
13 78
13 84
13 85
13 86
13 87
13 88
13 92
13 94
13 96
13 97
13 98
13 99
14 22
14 25
14 26
14 34
14 35
14 36
14 37
14 40
14 43
14 45
14 46
14 48
14 51
14 52
14 55
14 60
14 61
14 62
14 63
14 66
14 68
14 69
14 71
14 72
14 73
14 74
14 75
14 81
14 89
14 90
14 91
14 93
14 96
14 97
14 99
15 17
15 19
15 20
15 24
15 25
15 26
15 31
15 32
15 34
15 35
15 36
15 37
15 38
15 41
15 43
15 44
15 45
15 47
15 48
15 53
15 55
15 58
15 59
15 60
15 62
15 63
15 66
15 67
15 71
15 76
15 77
15 81
15 86
15 87
15 92
15 93
15 96
15 98
16 19
16 23
16 24
16 25
16 27
16 29
16 30
16 32
16 34
16 36
16 39
16 41
16 42
16 43
16 47
16 51
16 58
16 60
16 63
16 65
16 67
16 68
16 70
16 76
16 77
16 78
16 82
16 84
16 85
16 87
16 92
16 94
16 95
16 97
16 98
17 18
17 21
17 23
17 25
17 27
17 28
17 31
17 33
17 35
17 36
17 37
17 38
17 39
17 42
17 45
17 46
17 47
17 48
17 50
17 52
17 56
17 58
17 59
17 61
17 62
17 64
17 65
17 66
17 70
17 71
17 72
17 73
17 75
17 76
17 79
17 80
17 82
17 84
17 86
17 87
17 88
17 89
17 92
17 93
17 95
17 98
18 19
18 20
18 21
18 22
18 23
18 25
18 26
18 29
18 30
18 32
18 33
18 34
18 35
18 36
18 37
18 40
18 44
18 47
18 49
18 52
18 53
18 56
18 58
18 59
18 60
18 63
18 64
18 65
18 66
18 67
18 68
18 69
18 70
18 72
18 73
18 77
18 78
18 83
18 86
18 88
18 90
18 92
18 93
18 94
18 96
18 97
18 99
19 22
19 27
19 28
19 30
19 31
19 35
19 36
19 38
19 41
19 43
19 47
19 48
19 51
19 54
19 55
19 57
19 58
19 61
19 62
19 66
19 67
19 76
19 77
19 80
19 82
19 83
19 88
19 89
19 90
19 91
19 96
19 98
19 99
20 22
20 25
20 26
20 29
20 30
20 32
20 36
20 37
20 39
20 42
20 43
20 44
20 46
20 48
20 49
20 50
20 52
20 56
20 57
20 58
20 59
20 61
20 64
20 66
20 67
20 68
20 70
20 71
20 73
20 75
20 76
20 77
20 79
20 83
20 85
20 89
20 90
20 91
20 92
20 93
20 94
20 96
20 99
21 23
21 25
21 27
21 28
21 29
21 30
21 31
21 32
21 37
21 38
21 41
21 46
21 48
21 49
21 50
21 51
21 52
21 53
21 54
21 55
21 56
21 59
21 60
21 61
21 62
21 64
21 65
21 68
21 70
21 75
21 77
21 81
21 83
21 88
21 89
21 90
21 93
21 94
21 97
21 99
22 23
22 24
22 25
22 26
22 27
22 30
22 32
22 33
22 34
22 35
22 37
22 38
22 39
22 41
22 42
22 44
22 46
22 49
22 54
22 55
22 57
22 58
22 61
22 64
22 65
22 67
22 74
22 75
22 77
22 78
22 80
22 83
22 89
22 90
22 92
22 94
22 98
22 99
23 25
23 27
23 28
23 30
23 33
23 34
23 39
23 40
23 41
23 42
23 43
23 46
23 50
23 51
23 52
23 54
23 55
23 56
23 60
23 61
23 63
23 64
23 65
23 66
23 68
23 71
23 72
23 73
23 75
23 77
23 78
23 79
23 81
23 82
23 84
23 87
23 90
23 91
23 93
23 94
23 96
23 98
24 27
24 29
24 31
24 32
24 37
24 38
24 39
24 42
24 43
24 45
24 47
24 48
24 52
24 53
24 54
24 56
24 57
24 60
24 61
24 65
24 66
24 69
24 70
24 76
24 77
24 80
24 82
24 83
24 84
24 85
24 86
24 88
24 89
24 92
24 98
24 99
25 26
25 27
25 30
25 33
25 37
25 38
25 42
25 44
25 45
25 46
25 47
25 48
25 49
25 53
25 54
25 55
25 58
25 60
25 64
25 66
25 67
25 68
25 71
25 72
25 74
25 75
25 77
25 78
25 79
25 80
25 81
25 82
25 83
25 87
25 88
25 91
25 92
25 95
25 96
25 97
26 29
26 31
26 33
26 34
26 37
26 38
26 40
26 41
26 42
26 43
26 45
26 47
26 48
26 49
26 50
26 51
26 52
26 54
26 55
26 56
26 58
26 60
26 63
26 64
26 67
26 70
26 71
26 76
26 77
26 78
26 80
26 81
26 82
26 84
26 91
26 92
26 93
27 30
27 31
27 34
27 35
27 36
27 37
27 39
27 40
27 41
27 42
27 44
27 45
27 47
27 49
27 51
27 54
27 56
27 60
27 61
27 65
27 66
27 67
27 70
27 71
27 72
27 73
27 75
27 77
27 79
27 82
27 83
27 85
27 86
27 90
27 91
27 92
27 94
27 95
27 96
27 98
27 99
28 34
28 42
28 44
28 45
28 49
28 50
28 53
28 54
28 55
28 56
28 59
28 61
28 62
28 66
28 75
28 76
28 77
28 79
28 80
28 81
28 84
28 89
28 92
28 93
28 94
29 30
29 32
29 33
29 34
29 37
29 39
29 40
29 42
29 44
29 47
29 55
29 60
29 67
29 71
29 73
29 80
29 81
29 84
29 85
29 86
29 87
29 91
29 92
29 93
29 96
29 97
30 34
30 35
30 36
30 37
30 38
30 41
30 42
30 43
30 51
30 53
30 54
30 55
30 57
30 58
30 60
30 61
30 65
30 66
30 71
30 72
30 74
30 75
30 78
30 80
30 82
30 85
30 86
30 88
30 90
30 91
30 93
30 96
30 97
31 33
31 42
31 43
31 44
31 45
31 48
31 51
31 52
31 53
31 54
31 55
31 57
31 59
31 60
31 63
31 66
31 69
31 75
31 77
31 78
31 80
31 81
31 89
31 90
31 93
31 97
31 99
32 36
32 37
32 38
32 39
32 40
32 41
32 43
32 44
32 46
32 49
32 50
32 52
32 54
32 55
32 58
32 59
32 60
32 62
32 64
32 65
32 66
32 68
32 69
32 70
32 71
32 75
32 76
32 77
32 78
32 79
32 81
32 82
32 83
32 84
32 89
32 94
32 96
32 97
32 98
33 35
33 36
33 38
33 42
33 44
33 50
33 53
33 54
33 55
33 56
33 57
33 58
33 59
33 62
33 63
33 67
33 70
33 72
33 74
33 76
33 78
33 81
33 82
33 84
33 87
33 88
33 89
33 93
33 95
33 96
33 98
34 35
34 37
34 39
34 40
34 42
34 46
34 47
34 53
34 54
34 57
34 58
34 66
34 67
34 69
34 71
34 73
34 76
34 77
34 78
34 81
34 84
34 88
34 89
34 93
34 95
34 98
34 99
35 37
35 38
35 40
35 41
35 42
35 43
35 46
35 48
35 49
35 51
35 52
35 53
35 55
35 58
35 61
35 62
35 63
35 64
35 65
35 66
35 68
35 69
35 71
35 74
35 75
35 77
35 78
35 79
35 80
35 81
35 82
35 84
35 85
35 86
35 87
35 95
36 37
36 44
36 45
36 50
36 52
36 53
36 54
36 56
36 58
36 61
36 64
36 69
36 70
36 71
36 72
36 74
36 76
36 78
36 80
36 82
36 86
36 87
36 88
36 92
36 93
36 94
36 96
36 99
37 38
37 39
37 41
37 42
37 43
37 44
37 45
37 46
37 47
37 49
37 52
37 54
37 59
37 61
37 62
37 63
37 65
37 70
37 71
37 73
37 74
37 75
37 77
37 78
37 81
37 82
37 84
37 85
37 87
37 88
37 89
37 90
37 92
37 94
37 98
37 99
38 43
38 44
38 46
38 48
38 49
38 52
38 54
38 57
38 58
38 60
38 62
38 64
38 66
38 68
38 70
38 71
38 73
38 77
38 78
38 79
38 83
38 85
38 87
38 92
38 93
38 98
39 40
39 41
39 44
39 46
39 47
39 49
39 50
39 51
39 53
39 54
39 56
39 57
39 58
39 60
39 61
39 62
39 63
39 66
39 67
39 71
39 72
39 74
39 78
39 79
39 82
39 83
39 85
39 86
39 88
39 89
39 90
39 93
39 96
39 98
40 42
40 44
40 45
40 47
40 48
40 49
40 50
40 53
40 54
40 55
40 56
40 57
40 58
40 59
40 62
40 67
40 69
40 70
40 72
40 73
40 75
40 78
40 79
40 81
40 82
40 83
40 86
40 87
40 88
40 89
40 92
40 94
40 95
40 96
40 97
40 98
41 42
41 45
41 54
41 56
41 57
41 58
41 59
41 60
41 61
41 63
41 64
41 65
41 66
41 67
41 69
41 71
41 72
41 73
41 75
41 76
41 77
41 78
41 80
41 84
41 87
41 92
41 94
41 95
41 98
42 44
42 47
42 48
42 50
42 52
42 53
42 56
42 58
42 59
42 60
42 63
42 66
42 67
42 68
42 72
42 73
42 74
42 76
42 77
42 79
42 80
42 83
42 84
42 90
42 93
42 94
42 95
42 97
42 99
43 44
43 48
43 51
43 52
43 56
43 57
43 59
43 60
43 61
43 62
43 63
43 65
43 67
43 68
43 69
43 73
43 76
43 78
43 79
43 82
43 85
43 87
43 88
43 89
43 90
43 91
43 92
43 93
44 54
44 59
44 60
44 61
44 62
44 64
44 66
44 67
44 69
44 71
44 72
44 74
44 76
44 78
44 79
44 85
44 89
44 90
44 91
44 92
44 94
44 99
45 47
45 49
45 51
45 52
45 53
45 54
45 55
45 56
45 57
45 60
45 61
45 62
45 64
45 65
45 67
45 70
45 71
45 72
45 77
45 78
45 82
45 83
45 85
45 86
45 89
45 90
45 91
45 93
45 97
46 48
46 50
46 52
46 53
46 54
46 55
46 56
46 57
46 59
46 60
46 61
46 65
46 66
46 70
46 71
46 79
46 80
46 81
46 84
46 85
46 87
46 90
46 91
46 95
46 97
46 98
46 99
47 48
47 50
47 57
47 59
47 60
47 61
47 64
47 66
47 67
47 71
47 72
47 76
47 77
47 82
47 84
47 86
47 87
47 88
47 90
47 91
47 92
47 93
47 94
47 95
47 96
47 99
48 50
48 51
48 52
48 53
48 55
48 57
48 61
48 63
48 65
48 68
48 70
48 74
48 78
48 80
48 84
48 85
48 87
48 89
48 91
48 94
48 95
48 96
48 98
49 50
49 51
49 54
49 55
49 56
49 57
49 59
49 60
49 61
49 62
49 63
49 64
49 65
49 69
49 71
49 72
49 73
49 74
49 75
49 76
49 77
49 78
49 82
49 83
49 84
49 85
49 86
49 88
49 89
49 90
49 92
49 93
49 94
49 95
49 98
49 99
50 51
50 52
50 53
50 56
50 63
50 70
50 71
50 76
50 81
50 82
50 84
50 85
50 87
50 91
50 92
50 96
50 97
50 98
51 55
51 56
51 57
51 59
51 60
51 61
51 63
51 64
51 65
51 66
51 67
51 68
51 70
51 71
51 72
51 73
51 74
51 77
51 79
51 80
51 85
51 86
51 87
51 92
51 96
52 53
52 57
52 61
52 63
52 67
52 70
52 71
52 74
52 75
52 79
52 80
52 81
52 82
52 83
52 84
52 88
52 89
52 91
52 94
52 99
53 55
53 58
53 59
53 60
53 61
53 64
53 65
53 66
53 68
53 69
53 70
53 71
53 75
53 77
53 78
53 79
53 81
53 83
53 85
53 86
53 88
53 91
53 92
53 94
53 99
54 55
54 57
54 60
54 61
54 62
54 68
54 70
54 71
54 72
54 75
54 77
54 78
54 80
54 86
54 88
54 89
54 91
54 92
54 93
54 97
54 98
54 99
55 56
55 57
55 61
55 63
55 64
55 65
55 66
55 69
55 71
55 74
55 75
55 76
55 77
55 78
55 79
55 81
55 82
55 86
55 88
55 90
55 92
55 97
55 99
56 60
56 61
56 66
56 68
56 73
56 75
56 76
56 80
56 83
56 84
56 86
56 88
56 90
56 91
56 93
56 95
56 96
56 97
56 99
57 64
57 65
57 66
57 68
57 70
57 72
57 74
57 77
57 78
57 85
57 88
57 89
57 91
57 92
57 93
57 94
57 95
57 96
57 97
58 60
58 62
58 63
58 64
58 70
58 77
58 78
58 79
58 80
58 81
58 83
58 86
58 88
58 89
58 91
58 92
58 93
58 95
58 96
59 65
59 66
59 67
59 70
59 71
59 72
59 74
59 76
59 77
59 80
59 82
59 84
59 86
59 88
59 90
59 94
59 97
59 98
60 61
60 62
60 64
60 65
60 67
60 68
60 69
60 71
60 72
60 74
60 76
60 77
60 78
60 79
60 80
60 91
60 92
60 99
61 62
61 63
61 64
61 65
61 66
61 68
61 70
61 73
61 74
61 76
61 78
61 79
61 81
61 82
61 84
61 86
61 87
61 92
61 96
61 98
61 99
62 65
62 66
62 74
62 76
62 78
62 79
62 83
62 85
62 86
62 88
62 91
62 92
62 94
62 95
62 96
62 97
63 64
63 66
63 67
63 68
63 74
63 76
63 77
63 79
63 80
63 84
63 86
63 87
63 88
63 92
63 94
63 97
64 65
64 66
64 67
64 68
64 69
64 71
64 73
64 74
64 76
64 77
64 78
64 79
64 81
64 82
64 83
64 84
64 88
64 89
64 92
64 93
64 94
64 95
64 98
64 99
65 66
65 69
65 71
65 73
65 75
65 79
65 80
65 83
65 84
65 89
65 90
65 92
65 96
65 97
65 98
66 72
66 73
66 74
66 76
66 77
66 80
66 82
66 83
66 84
66 85
66 87
66 88
66 89
66 90
66 95
66 96
66 98
66 99
67 68
67 70
67 72
67 78
67 80
67 81
67 82
67 85
67 87
67 90
67 91
67 94
67 96
67 98
67 99
68 69
68 71
68 73
68 76
68 77
68 78
68 82
68 83
68 84
68 89
68 90
68 91
68 93
68 94
68 96
68 97
68 98
69 70
69 71
69 72
69 76
69 78
69 81
69 82
69 83
69 84
69 88
69 91
69 92
69 97
69 98
69 99
70 71
70 72
70 73
70 74
70 76
70 78
70 79
70 80
70 81
70 82
70 85
70 86
70 89
70 92
70 94
70 95
71 72
71 74
71 76
71 77
71 79
71 80
71 82
71 84
71 86
71 87
71 88
71 89
71 91
71 93
71 96
71 97
71 98
71 99
72 74
72 75
72 77
72 80
72 82
72 83
72 84
72 87
72 88
72 91
72 93
72 94
72 95
72 97
72 98
72 99
73 75
73 77
73 78
73 79
73 80
73 82
73 85
73 86
73 89
73 90
73 92
73 94
73 95
73 96
73 97
73 99
74 75
74 76
74 79
74 80
74 81
74 84
74 88
74 89
74 94
74 95
74 99
75 77
75 82
75 84
75 86
75 87
75 89
75 90
75 94
75 99
76 80
76 81
76 82
76 83
76 88
76 90
76 91
76 92
76 93
76 94
76 98
76 99
77 80
77 81
77 82
77 85
77 87
77 88
77 90
77 92
77 94
77 95
77 96
78 80
78 84
78 86
78 87
78 90
78 93
78 94
78 96
78 98
78 99
79 80
79 83
79 85
79 87
79 89
79 90
79 93
79 94
79 95
79 98
80 81
80 83
80 84
80 86
80 88
80 89
80 90
80 91
80 95
80 96
80 99
81 82
81 86
81 89
81 90
81 93
81 95
81 98
82 83
82 84
82 86
82 87
82 88
82 89
82 91
82 93
82 94
82 95
82 97
82 99
83 84
83 85
83 87
83 88
83 90
83 91
83 92
83 93
83 94
83 98
83 99
84 85
84 87
84 88
84 91
84 92
84 93
84 94
84 96
84 97
84 99
85 88
85 91
85 92
85 93
85 95
85 96
85 99
86 88
86 89
86 90
86 91
86 92
86 94
86 97
87 88
87 89
87 90
87 91
87 95
87 99
88 89
88 90
88 96
88 99
89 96
89 97
89 98
90 92
90 93
90 94
90 96
90 98
91 95
91 98
92 93
92 94
92 95
92 96
92 98
92 99
93 95
94 95
94 98
94 99
95 96
95 99
97 98
98 99
